341	64	51	chr1	83886030	83886750	-165363871	-	ERVL-E-int	LTR	ERVL	-422	5245	4517	1
3	491	318	120	66	chr1	192937729	192938046	-56312575	+	MLT1J	LTR	ERVL-MaLR	167	500	-12	2
4	2249	118	51	23	chr1	243269324	243269678	-5980943	+	THE1B	LTR	ERVL-MaLR	1	364	0	3
10	8848	63	244	1	chr1	10485712	10486981	-238763640	-	LTR12C	LTR	ERV1	0	1579	2	1
15	1005	222	15	77	chr1	53477263	53477536	-195773085	+	MER21C	LTR	ERVL	676	931	-7	9
17	9303	130	75	19	chr1	74448477	74449973	-174800648	-	THE1B-int	LTR	ERVL-MaLR	0	1580	1	1
18	461	340	82	35	chr1	82837212	82837529	-166413092	-	MamRep1527	LTR	LTR	-172	797	466	1
21	1754	132	163	15	chr1	102760404	102760736	-146489885	+	THE1D	LTR	ERVL-MaLR	1	381	0	1
26	1532	217	67	44	chr1	145751968	145752401	-103498220	-	LTR47B	LTR	ERVL	0	443	1	2
27	4373	103	16	32	chr1	153091848	153092533	-96158088	-	LTR76	LTR	ERV1	-1	674	1	2
28	848	269	140	77	chr1	160432100	160432454	-88818167	+	LTR85c	LTR	Gypsy?	425	810	-13	2
34	1368	161	315	65	chr1	210763724	210764168	-38486453	-	MLT2B4	LTR	ERVL	-1	555	1	3
34	1068	137	161	17	chr1	211812124	211812354	-37438267	-	MER21A	LTR	ERVL	-667	264	2	3
34	1378	262	57	53	chr1	213909477	213910008	-35340613	-	MLT1F2	LTR	ERVL-MaLR	-6	554	22	3
37	816	258	144	65	chr1	238026629	238027031	-11223590	+	MLT1M	LTR	ERVL-MaLR	40	473	-199	3
37	3210	127	101	10	chr1	241172240	241172753	-8077868	+	LTR24C	LTR	ERV1	69	635	0	3
73	721	274	60	14	chr1	262105	262386	-248988235	+	MER65D	LTR	ERV1	157	450	-23	3
76	2001	112	118	26	chr1	3538719	3539068	-245711553	+	THE1D	LTR	ERVL-MaLR	1	381	0	3
77	1304	220	46	58	chr1	4324984	4325379	-244925242	-	MLT1B	LTR	ERVL-MaLR	0	390	1	4
77	28994	65	12	3	chr1	5108932	5112709	-244137912	+	HERVH-int	LTR	ERV1	3995	7713	0	5
85	808	336	67	39	chr1	12713599	12714399	-236536222	-	MER52-int	LTR	ERV1	-2996	4095	2708	1
85	27617	161	28	32	chr1	12840257	12845090	-236405531	-	HERVK-int	LTR	ERVK	-2720	4816	3	1
86	2620	57	209	10	chr1	13893602	13893989	-235356632	+	LTR7B	LTR	ERV1	1	464	0	2
87	937	250	111	101	chr1	14811041	14811584	-234439037	-	MLT1H	LTR	ERVL-MaLR	0	549	2	2
88	791	161	192	60	chr1	16121789	16122042	-233128579	+	LTR37A	LTR	ERV1	1	286	-140	2
89	1663	190	71	22	chr1	17694550	17694731	-231555890	-	LTR38B	LTR	ERV1	0	611	433	2
90	618	240	151	94	chr1	18743131	18743340	-230507281	+	MER39	LTR	ERV1	437	677	-30	3
91	1761	211	55	0	chr1	19791644	19791990	-229458631	+	MLT1A0	LTR	ERVL-MaLR	1	365	0	3
92	7230	104	22	13	chr1	20316134	20317182	-228933439	+	MER11C	LTR	ERVK	1	1057	-14	3
95	613	293	111	85	chr1	23199686	23200063	-226050558	-	MLT1H	LTR	ERVL-MaLR	-127	422	36	3
95	2305	155	152	2	chr1	23330488	23330896	-225919725	-	LTR7C	LTR	ERV1	-2	469	1	4
100	503	218	112	73	chr1	28442559	28442671	-220807950	-	MLT1L	LTR	ERVL-MaLR	-34	576	454	5
103	800	162	12	55	chr1	31850339	31850502	-217400119	-	MER41B	LTR	ERV1	-365	156	1	5
104	20752	93	18	20	chr1	32898352	32901344	-216349277	+	HERVH-int	LTR	ERV1	1	2987	-4726	6
106	848	290	45	50	chr1	35127130	35127544	-214123077	+	MLT1I	LTR	ERVL-MaLR	30	411	0	6
110	755	288	85	15	chr1	39059412	39059742	-210190879	-	LTR33	LTR	ERVL	-162	353	1	7
117	24814	115	12	6	chr1	46791711	46795233	-202455388	-	Harlequin-int	LTR	ERV1	0	6896	3352	8
118	522	248	58	13	chr1	48103364	48103519	-201147102	-	MLT1I	LTR	ERVL-MaLR	0	411	250	8
119	689	274	178	8	chr1	48365437	48365819	-200884802	+	LTR16A	LTR	ERVL	1	447	-4	8
120	2099	86	85	77	chr1	49544944	49545322	-199705299	-	THE1D	LTR	ERVL-MaLR	0	381	1	9
120	3564	200	43	49	chr1	49806924	49807851	-199442770	+	MER41-int	LTR	ERV1	7	650	-5296	9
123	19169	286	39	33	chr1	52685747	52691042	-196559579	-	HERVI-int	LTR	ERV1	-2356	5429	1	9
123	1556	234	47	57	chr1	53346098	53346674	-195903947	+	MLT1E1A	LTR	ERVL-MaLR	5	677	-3	9
124	1177	284	84	44	chr1	54394700	54395178	-194855443	+	LTR33	LTR	ERVL	19	515	0	1
126	1762	215	64	29	chr1	55967709	55968078	-193282543	-	MLT1C	LTR	ERVL-MaLR	-77	390	1	1
128	1514	198	120	27	chr1	58326893	58327226	-190923395	-	MLT1A0	LTR	ERVL-MaLR	0	365	2	1
130	617	352	77	6	chr1	60686204	60686516	-188564105	+	MamGypLTR1b	LTR	Gypsy	409	742	-40	1
131	693	292	99	50	chr1	61472307	61472771	-187777850	+	LTR85a	LTR	Gypsy?	207	693	-9	1
136	1340	108	0	178	chr1	66977689	66977875	-182272746	+	MLT2A1	LTR	ERVL	204	386	-58	1
138	593	267	88	8	chr1	68550479	68550717	-180699904	+	MLT1J1-int	LTR	ERVL-MaLR	198	454	-933	1
140	319	260	131	23	chr1	70909873	70910003	-178340618	-	LTR16A1	LTR	ERVL	-154	302	159	1
140	7430	201	78	67	chr1	71039877	71042106	-178208515	+	MER31-int	LTR	ERV1	168	2734	-2622	1
140	3710	150	134	14	chr1	71171987	71172724	-178077897	-	LTR1B	LTR	ERV1	0	826	1	1
142	10032	104	63	6	chr1	72613217	72614712	-176635909	-	THE1A-int	LTR	ERVL-MaLR	0	1580	1	1
142	1580	226	146	5	chr1	72875900	72876339	-176374282	-	MLT1D	LTR	ERVL-MaLR	-2	503	3	1
142	7151	222	65	76	chr1	73006311	73007894	-176242727	-	HERVL32-int	LTR	ERVL	-696	2722	1142	1
143	4223	116	34	3	chr1	74055661	74056275	-175194346	-	MER41B	LTR	ERV1	-1	633	1	1
143	25628	193	38	13	chr1	74185829	74190209	-175060412	+	ERVL-B4-int	LTR	ERVL	1199	5714	0	1
145	3226	166	35	43	chr1	76152669	76152999	-173097622	+	MER41E	LTR	ERV1	1	325	-270	1
145	4845	48	3	3	chr1	76414573	76415164	-172835457	+	LTR10C	LTR	ERV1	1	591	0	1
146	2171	132	77	14	chr1	77463516	77463868	-171786753	+	THE1C	LTR	ERVL-MaLR	1	375	0	1
147	455	302	94	12	chr1	77856704	77856875	-171393746	-	LTR16A1	LTR	ERVL	0	456	272	1
147	707	262	134	52	chr1	77987736	77988246	-171262375	-	MLT1K	LTR	ERVL-MaLR	-27	568	17	1
148	1043	298	112	35	chr1	79036337	79036793	-170213828	-	LTR78	LTR	ERV1	-689	615	125	1
153	2741	182	54	33	chr1	84672044	84672595	-164578026	-	MER68	LTR	ERVL	0	563	1	1
153	12161	78	11	1	chr1	84802349	84803910	-164446711	-	THE1B-int	LTR	ERVL-MaLR	-3	1577	1	1
154	8899	188	21	7	chr1	85851811	85853437	-163397184	-	MSTB1-int	LTR	ERVL-MaLR	-2	1649	1	1
158	46360	41	21	9	chr1	89390713	89392012	-159858609	+	HERV17-int	LTR	ERV1	2	1366	-7260	1
158	1143	245	169	2	chr1	89915267	89915705	-159334916	+	MER34	LTR	ERV1	28	538	-4	1
162	6007	57	26	5	chr1	94109468	94110233	-155140388	+	MER4E1	LTR	ERV1	1	781	0	1
163	2164	106	61	17	chr1	94895946	94896291	-154354330	+	THE1B	LTR	ERVL-MaLR	1	360	-4	1
164	2091	139	13	45	chr1	95944590	95944966	-153305655	+	THE1B	LTR	ERVL-MaLR	1	364	0	1
166	2945	156	28	30	chr1	97910488	97911063	-151339558	+	MER49	LTR	ERV1	204	777	-146	1
167	8923	123	82	39	chr1	98826831	98828346	-150422275	-	THE1C-int	LTR	ERVL-MaLR	0	1580	1	1
167	3616	142	6	42	chr1	98958974	98959599	-150291022	-	LTR26	LTR	ERV1	0	603	1	1
169	1713	193	18	65	chr1	101056460	101056756	-148193865	-	MLT1A0	LTR	ERVL-MaLR	0	365	87	1
170	1977	185	28	10	chr1	102104939	102105338	-147145283	+	MLT1A1	LTR	ERVL-MaLR	3	408	0	1
170	2164	249	134	9	chr1	102628974	102629607	-146621014	-	LTR41	LTR	ERVL	-56	712	1	1
171	2306	113	30	6	chr1	103022501	103022840	-146227781	-	MLT2A2	LTR	ERVL	-106	347	1	1
172	5607	128	90	1	chr1	104595420	104595864	-144654757	-	THE1B-int	LTR	ERVL-MaLR	-1079	501	3	1
173	1896	212	86	2	chr1	104988376	104988830	-144261791	+	MLT2B4	LTR	ERVL	1	492	-64	1
173	1765	111	242	36	chr1	105643859	105644243	-143606378	-	MER4C	LTR	ERV1	-2	463	1	1
174	32397	98	10	4	chr1	106297529	106301939	-142948682	+	HERVL-int	LTR	ERVL	1215	5654	0	1
174	8513	128	68	80	chr1	106691778	106693371	-142557250	+	THE1B-int	LTR	ERVL-MaLR	1	1574	-6	1
176	2771	210	38	13	chr1	108658388	108659061	-140591560	+	MER21C	LTR	ERVL	215	898	-40	1
177	10395	99	61	33	chr1	109182514	109184050	-140066571	-	LTR12C	LTR	ERV1	0	1579	1	1
182	512	172	50	0	chr1	115081131	115081230	-134169391	+	MER77	LTR	ERVL	553	656	-44	1
183	506	307	89	66	chr1	115736326	115736675	-133513946	+	LTR16E2	LTR	ERVL	137	493	-75	1
183	1264	269	78	100	chr1	116129068	116129807	-133120814	+	MER31-int	LTR	ERV1	3330	4052	-884	1
185	844	272	145	25	chr1	118357967	118358284	-130892337	-	LTR18A	LTR	ERVL	0	357	3	1
215	3529	176	87	126	chr1	149422069	149423017	-99827604	+	MER21A	LTR	ERVL	1	911	-20	2
222	2369	145	49	63	chr1	156368827	156369067	-92881554	+	LTR10A	LTR	ERV1	305	545	-64	2
222	1105	276	30	105	chr1	156761991	156762230	-92488391	-	MLT1J	LTR	ERVL-MaLR	-174	338	142	2
223	5898	102	21	20	chr1	157417216	157418067	-91832554	-	PABL_A-int	LTR	ERV1	-4162	853	2	2
223	9390	176	17	2	chr1	157940750	157942375	-91308246	-	MSTB-int	LTR	ERVL-MaLR	0	1651	2	2
223	668	279	66	35	chr1	158072812	158073098	-91177523	+	MLT1I	LTR	ERVL-MaLR	117	411	0	2
224	1248	308	58	5	chr1	158465761	158466175	-90784446	-	LTR16A	LTR	ERVL	0	451	16	2
226	363	232	30	157	chr1	160956259	160956489	-88294132	-	LTR37A	LTR	ERV1	-207	219	19	2
230	1421	281	69	23	chr1	165281659	165282140	-83968481	+	MLT1G1	LTR	ERVL-MaLR	75	577	-2	2
231	1666	199	57	77	chr1	165806039	165806442	-83444179	-	MSTD	LTR	ERVL-MaLR	0	396	2	2
234	2291	149	119	58	chr1	168951609	168952058	-80298563	+	LTR54	LTR	ERV1	32	510	0	2
235	638	333	103	41	chr1	170393587	170394006	-78856615	+	LTR16E1	LTR	ERVL	94	538	0	2
236	2584	106	11	3	chr1	171442165	171442526	-77808095	-	THE1B	LTR	ERVL-MaLR	0	364	1	2
236	24161	117	17	7	chr1	171571949	171574513	-77676108	+	Harlequin-int	LTR	ERV1	3342	5933	-963	2
239	3318	154	52	18	chr1	174718687	174719011	-74531610	-	MER4D1	LTR	ERV1	-258	642	307	2
240	49765	91	12	3	chr1	175239381	175246415	-74004206	+	PRIMA41-int	LTR	ERV1	658	7751	-5	2
241	262	378	13	25	chr1	176291743	176292058	-72958563	-	LTR39-int	LTR	ERV1	-5855	1267	957	2
241	11827	168	12	58	chr1	176683433	176685363	-72565258	+	MER66-int	LTR	ERV1	4550	6405	-271	2
245	2802	185	76	52	chr1	181141354	181142062	-68108559	+	LTR8A	LTR	ERV1	1	725	-2	2
252	2500	156	33	2	chr1	188350255	188350674	-60899947	-	MER57A1	LTR	ERV1	0	432	1	2
253	1874	157	55	100	chr1	188874588	188875133	-60375488	+	MLT2A2	LTR	ERVL	1	544	-10	2
253	1986	186	37	35	chr1	189136573	189137121	-60113500	+	MLT2A2	LTR	ERVL	1	552	-2	2
253	2699	309	41	71	chr1	189399008	189400112	-59850509	+	ERVL-E-int	LTR	ERVL	2069	3139	-2528	2
255	3027	207	24	39	chr1	191757962	191758661	-57491960	-	MER76	LTR	ERVL	0	691	3	2
256	752	290	101	11	chr1	192806890	192807176	-56443445	+	LTR16C	LTR	ERVL	178	489	0	2
257	28004	130	50	29	chr1	193854879	193856509	-55394112	+	LOR1-int	LTR	ERV1	3236	4912	-3208	2
258	2050	144	73	14	chr1	194903837	194904181	-54346440	+	THE1B	LTR	ERVL-MaLR	1	364	0	2
259	882	207	8	7	chr1	195690415	195690607	-53560014	+	MER57C2	LTR	ERV1	86	272	-162	2
260	996	160	23	6	chr1	196345825	196346001	-52904620	+	LTR26	LTR	ERV1	1	179	-424	2
263	461	194	0	97	chr1	199622602	199622716	-49627905	-	MER67D	LTR	ERV1	-411	103	1	2
266	3729	192	58	55	chr1	203161151	203162014	-46088607	-	MER21A	LTR	ERVL	-20	911	46	2
267	2976	73	46	16	chr1	204209870	204210301	-45040320	+	MLT2A1	LTR	ERVL	1	444	0	2
273	1145	247	8	8	chr1	210370427	210370676	-38879945	-	MLT1H1	LTR	ERVL-MaLR	-306	249	1	3
274	3313	168	61	64	chr1	211550078	211550770	-37699851	-	LTR8	LTR	ERV1	-1	690	1	3
274	1385	251	24	86	chr1	211681071	211681539	-37569082	+	MLT1E1A	LTR	ERVL-MaLR	79	621	-59	3
275	20841	223	37	51	chr1	212598305	212599192	-36651429	+	PRIMA41-int	LTR	ERV1	2903	3800	-3956	3
279	1643	316	131	38	chr1	216399452	216400411	-32850210	-	LTR78	LTR	ERV1	-2	1302	254	3
280	1372	218	22	85	chr1	217186155	217186566	-32064055	-	MLT1B	LTR	ERVL-MaLR	-5	385	1	3
281	6320	174	182	45	chr1	218496069	218497933	-30752688	-	MER52D	LTR	ERV1	0	2123	5	3
283	13229	239	75	30	chr1	220724989	220727666	-28522955	-	ERVL-B4-int	LTR	ERVL	-247	5467	2667	3
287	1525	153	174	7	chr1	224526256	224526566	-24724055	+	MER51A	LTR	ERV1	257	618	-16	3
287	840	247	42	54	chr1	224788394	224788634	-24461987	+	MLT1B	LTR	ERVL-MaLR	3	239	-151	3
291	3392	190	162	108	chr1	229375909	229376016	-19874605	-	LTR28	LTR	ERV1	-892	128	1	3
292	3942	151	61	5	chr1	230162124	230162797	-19087824	+	MER50	LTR	ERV1	1	711	-23	3
294	3769	51	0	7	chr1	232259240	232259691	-16990930	+	LTR7	LTR	ERV1	1	448	-2	3
295	3050	144	70	56	chr1	233569751	233570358	-15680263	-	LTR8A	LTR	ERV1	-30	661	20	3
297	480	156	8	168	chr1	235798502	235798550	-13452071	+	MSTB1	LTR	ERVL-MaLR	4	52	-374	3
298	2389	142	48	19	chr1	236060360	236060776	-13189845	+	MSTA	LTR	ERVL-MaLR	1	428	0	3
301	2930	165	184	50	chr1	239205799	239206527	-10044094	+	LTR1B	LTR	ERV1	1	826	0	3
303	533	294	150	37	chr1	241303324	241303730	-7946891	+	LTR33	LTR	ERVL	3	454	-61	3
304	1834	167	13	152	chr1	242482738	242483437	-6767184	+	MER4A	LTR	ERV1	1	594	0	3
304	1898	186	123	31	chr1	243007444	243007594	-6243027	-	LOR1b	LTR	ERV1	-309	152	1	3
305	1776	214	36	69	chr1	243793519	243793966	-5456655	-	MLT1-int	LTR	ERVL-MaLR	-63	1308	877	3
306	5926	150	40	2	chr1	244711252	244712260	-4538361	+	ERVL-B4-int	LTR	ERVL	3802	4847	-867	3
309	1521	264	16	51	chr1	247857103	247857597	-1393024	-	MLT1D	LTR	ERVL-MaLR	-28	477	1	3
309	3854	310	35	11	chr1	248380494	248381737	-868884	-	ERVL-E-int	LTR	ERVL	-2607	3060	1788	3
585	254	279	47	39	chr1	21948	22075	-249228546	+	MLT1K	LTR	ERVL-MaLR	15	142	-453	1
585	741	187	45	0	chr1	30693	30848	-249219773	+	MLT1A	LTR	ERVL-MaLR	1	162	-212	2
585	741	249	0	11	chr1	30952	31131	-249219490	+	MLT1A	LTR	ERVL-MaLR	173	349	-25	2
585	850	249	151	8	chr1	34564	34921	-249215700	-	MLT1J2	LTR	ERVL-MaLR	0	448	41	3
585	3877	229	140	16	chr1	38255	39464	-249211157	+	MLT1E1A-int	LTR	ERVL-MaLR	131	1489	0	3
585	750	276	94	64	chr1	39464	39623	-249210998	+	MLT1E1A	LTR	ERVL-MaLR	1	172	-388	3
585	783	266	141	38	chr1	39924	40294	-249210327	+	MLT1E1A	LTR	ERVL-MaLR	173	666	-14	3
585	260	385	14	0	chr1	40735	40878	-249209743	-	LTR16C	LTR	ERVL	-113	376	232	4
585	1118	354	94	26	chr1	41379	42285	-249208336	-	ERVL-E-int	LTR	ERVL	-685	4982	4016	4
585	341	278	59	15	chr1	42369	42504	-249208117	+	MamRep1527	LTR	LTR	359	499	-470	4
585	631	39	0	0	chr1	46415	46493	-249204128	-	LTR12F	LTR	ERV1	-115	404	327	4
585	350	310	87	0	chr1	70503	70712	-249179909	-	LTR89	LTR	ERVL?	-259	620	336	7
585	478	227	116	25	chr1	89858	90056	-249160565	+	MLT1H2	LTR	ERVL-MaLR	68	278	-271	1
585	329	217	97	37	chr1	90442	90576	-249160045	+	MLT1H2	LTR	ERVL-MaLR	374	515	-34	1
585	335	153	111	0	chr1	91608	91677	-249158944	-	MER4D1	LTR	ERV1	0	903	827	1
585	827	223	60	29	chr1	91677	92110	-249158511	+	MER4A	LTR	ERV1	1	590	-4	1
585	1123	177	97	50	chr1	92113	92392	-249158229	-	MER4D1	LTR	ERV1	-72	828	537	1
585	470	272	63	97	chr1	94519	94816	-249155805	-	MLT1H	LTR	ERVL-MaLR	-172	376	91	1
585	596	250	315	3	chr1	97801	98085	-249152536	+	MLT1I	LTR	ERVL-MaLR	35	408	-3	1
585	425	226	113	38	chr1	103374	103467	-249147154	-	LTR33	LTR	ERVL	-2	513	408	1
585	2109	151	65	31	chr1	103467	103616	-249147005	+	MSTB1	LTR	ERVL-MaLR	1	149	-283	1
585	2109	151	65	31	chr1	103909	104160	-249146461	+	MSTB1	LTR	ERVL-MaLR	150	415	-17	1
585	2109	151	65	31	chr1	104199	104215	-249146406	+	MSTB1	LTR	ERVL-MaLR	416	431	-1	1
585	425	226	113	38	chr1	104215	104254	-249146367	-	LTR33	LTR	ERVL	-108	407	371	1
585	444	309	47	24	chr1	104337	104506	-249146115	-	LTR33	LTR	ERVL	-342	173	1	1
585	1064	238	116	10	chr1	107480	107773	-249142848	+	MLT1C	LTR	ERVL-MaLR	144	467	0	1
585	1094	297	51	107	chr1	113691	114101	-249136520	+	MLT1F2	LTR	ERVL-MaLR	8	392	-177	1
585	306	307	95	0	chr1	115057	115194	-249135427	+	LTR33B	LTR	ERVL	348	497	-6	1
585	478	241	65	7	chr1	115576	115714	-249134907	+	MER65D	LTR	ERV1	2	147	-326	1
585	824	274	60	14	chr1	115788	116069	-249134552	+	MER65D	LTR	ERV1	157	450	-23	1
585	1910	229	37	26	chr1	117610	118100	-249132521	+	MLT1D	LTR	ERVL-MaLR	1	495	-10	1
585	2188	129	29	45	chr1	119563	119944	-249130677	-	THE1C	LTR	ERVL-MaLR	0	375	1	1
586	3602	222	55	38	chr1	140784	141290	-249109331	+	MER21C	LTR	ERVL	26	527	-411	1
586	3602	222	55	38	chr1	141597	141667	-249108954	+	MER21C	LTR	ERVL	528	605	-333	1
586	3602	222	55	38	chr1	141970	142271	-249108350	+	MER21C	LTR	ERVL	606	919	-19	1
586	469	259	0	97	chr1	144177	144234	-249106387	-	LTR41	LTR	ERVL	0	768	712	1
586	469	259	0	97	chr1	144579	144605	-249106016	-	LTR41	LTR	ERVL	-57	711	695	1
586	469	259	0	97	chr1	144899	144986	-249105635	-	LTR41	LTR	ERVL	-74	694	611	1
586	349	197	28	153	chr1	146051	146227	-249104394	+	MLT1D	LTR	ERVL-MaLR	60	213	-292	1
586	317	281	7	35	chr1	149864	150008	-249100613	-	LTR37A	LTR	ERV1	-47	379	240	2
586	1533	207	14	56	chr1	151914	152272	-249098349	-	MLT1D	LTR	ERVL-MaLR	-1	504	162	2
586	3563	217	69	44	chr1	152566	152825	-249097796	+	MER21C	LTR	ERVL	26	271	-667	2
586	3563	217	69	44	chr1	153119	153429	-249097192	+	MER21C	LTR	ERVL	272	605	-333	2
586	3563	217	69	44	chr1	153735	154035	-249096586	+	MER21C	LTR	ERVL	606	918	-20	2
586	7220	85	166	4	chr1	154036	155099	-249095522	+	MER11B	LTR	ERVK	1	1236	0	2
586	359	182	0	0	chr1	162115	162181	-249088440	-	MSTD	LTR	ERVL-MaLR	-1	395	330	2
586	1662	179	88	16	chr1	162393	162711	-249087910	-	MSTD	LTR	ERVL-MaLR	-55	341	1	2
586	1449	227	175	0	chr1	168914	169342	-249081279	+	MLT1D	LTR	ERVL-MaLR	1	503	-2	2
586	298	221	29	0	chr1	227428	227496	-249023125	-	MLT2B3	LTR	ERVL	-482	72	3	2
586	332	176	29	0	chr1	227521	227589	-249023032	-	MLT2B3	LTR	ERVL	-482	72	3	2
586	359	162	29	0	chr1	227614	227682	-249022939	-	MLT2B3	LTR	ERVL	-482	72	3	2
586	298	221	29	0	chr1	227707	227775	-249022846	-	MLT2B3	LTR	ERVL	-482	72	3	2
586	1434	217	20	25	chr1	227778	228217	-249022404	+	MER31-int	LTR	ERV1	1063	1499	-3437	2
586	1120	206	88	64	chr1	228829	229296	-249021325	+	MER31-int	LTR	ERV1	1699	2176	-2760	2
586	545	232	61	40	chr1	229354	229524	-249021097	+	MER31-int	LTR	ERV1	2939	3114	-1822	2
586	545	232	61	40	chr1	229825	229851	-249020770	+	MER31-int	LTR	ERV1	3115	3140	-1796	2
586	262	197	12	62	chr1	230058	230139	-249020482	+	MER31-int	LTR	ERV1	4283	4359	-577	2
586	249	253	48	0	chr1	230202	230285	-249020336	+	MER34A	LTR	ERV1	481	567	-4	2
586	1682	191	34	61	chr1	230696	231136	-249019485	+	MSTB1	LTR	ERVL-MaLR	5	432	0	2
586	2800	125	63	0	chr1	233370	233811	-249016810	+	MER4A1	LTR	ERV1	4	472	0	2
586	756	341	50	15	chr1	234937	235333	-249015288	+	MLT1I	LTR	ERVL-MaLR	2	411	0	2
586	411	198	74	15	chr1	236422	236592	-249014029	+	MLT1H2	LTR	ERVL-MaLR	72	214	-275	2
586	290	217	97	37	chr1	236770	236904	-249013717	+	MLT1H2	LTR	ERVL-MaLR	374	515	-34	2
586	267	167	110	14	chr1	237934	238004	-249012617	-	MER4E	LTR	ERV1	0	766	690	2
586	803	216	60	38	chr1	238004	238437	-249012184	+	MER4A	LTR	ERV1	1	590	-4	2
586	1032	177	97	50	chr1	238440	238719	-249011902	-	MER4D1	LTR	ERV1	-72	828	537	2
586	390	272	48	100	chr1	240874	241144	-249009477	-	MLT1H	LTR	ERVL-MaLR	-203	346	91	2
586	568	186	62	8	chr1	244136	244266	-249006355	+	MLT1I	LTR	ERVL-MaLR	35	171	-240	2
586	280	233	0	0	chr1	244360	244420	-249006201	+	MLT1I	LTR	ERVL-MaLR	349	408	-3	2
586	369	234	113	38	chr1	249691	249784	-249000837	-	LTR33	LTR	ERVL	-2	513	408	3
586	2108	153	65	31	chr1	249784	249933	-249000688	+	MSTB1	LTR	ERVL-MaLR	1	149	-283	3
586	2108	153	65	31	chr1	250226	250477	-249000144	+	MSTB1	LTR	ERVL-MaLR	150	415	-17	3
586	2108	153	65	31	chr1	250514	250530	-249000091	+	MSTB1	LTR	ERVL-MaLR	416	431	-1	3
586	369	234	113	38	chr1	250530	250569	-249000052	-	LTR33	LTR	ERVL	-108	407	371	3
586	385	309	47	24	chr1	250652	250821	-248999800	-	LTR33	LTR	ERVL	-342	173	1	3
586	975	238	116	10	chr1	253795	254088	-248996533	+	MLT1C	LTR	ERVL-MaLR	144	467	0	3
586	1017	291	29	45	chr1	260008	260418	-248990203	+	MLT1F2	LTR	ERVL-MaLR	8	392	-177	3
586	290	325	41	0	chr1	261386	261509	-248989112	+	LTR33B	LTR	ERVL	370	497	-6	3
586	400	248	65	7	chr1	261891	262029	-248988592	+	MER65D	LTR	ERV1	2	147	-326	3
587	1735	229	37	26	chr1	263927	264417	-248986204	+	MLT1D	LTR	ERVL-MaLR	1	495	-10	3
587	2117	135	29	45	chr1	265884	266265	-248984356	-	THE1C	LTR	ERVL-MaLR	0	375	1	3
587	3177	228	52	33	chr1	318456	318757	-248931864	-	MER21C	LTR	ERVL	-19	919	606	3
587	3177	228	52	33	chr1	319060	319130	-248931491	-	MER21C	LTR	ERVL	-333	605	528	3
587	3177	228	52	33	chr1	319439	319943	-248930678	-	MER21C	LTR	ERVL	-411	527	26	3
587	647	222	0	0	chr1	323588	323741	-248926880	+	LTR41	LTR	ERVL	614	766	-2	3
587	2118	131	39	39	chr1	343381	343762	-248906859	+	THE1D	LTR	ERVL-MaLR	1	381	0	3
587	1896	229	37	26	chr1	345229	345719	-248904902	-	MLT1D	LTR	ERVL-MaLR	-10	495	1	3
587	807	274	60	14	chr1	347260	347541	-248903080	-	MER65D	LTR	ERV1	-23	450	157	3
587	461	241	65	7	chr1	347616	347754	-248902867	-	MER65D	LTR	ERV1	-326	147	2	3
587	319	307	95	0	chr1	348136	348273	-248902348	-	LTR33B	LTR	ERVL	-6	497	348	3
587	1104	297	47	108	chr1	349227	349637	-248900984	-	MLT1H1	LTR	ERVL-MaLR	-177	392	8	3
587	872	186	37	0	chr1	352748	352909	-248897712	+	LTR64	LTR	ERV1	362	528	0	3
587	332	347	40	28	chr1	352913	353165	-248897456	-	MLT1H1-int	LTR	ERVL-MaLR	-1156	333	79	3
587	345	264	81	49	chr1	353150	353312	-248897309	-	MLT1H1-int	LTR	ERVL-MaLR	-1249	160	3	3
587	1146	298	58	48	chr1	353312	353589	-248897032	-	MLT1H1	LTR	ERVL-MaLR	-30	525	250	3
587	1974	150	42	36	chr1	353589	353949	-248896672	+	THE1B	LTR	ERVL-MaLR	3	364	0	3
587	11039	106	18	8	chr1	353949	355513	-248895108	+	THE1B-int	LTR	ERVL-MaLR	1	1580	0	3
587	1763	189	42	25	chr1	355513	355871	-248894750	+	THE1B	LTR	ERVL-MaLR	1	364	0	3
587	1146	298	58	48	chr1	355871	356111	-248894510	-	MLT1H1	LTR	ERVL-MaLR	-306	249	1	3
